28458.5                384970.9845088167      -94638.34472317524     -37278.27021811229     10258.92794214388      8088.368383990074      -6755.290524242492     
28458.50001157407      384970.9717570625      -94637.30183092853     -37278.17589221254     10258.62687953433      8088.510118633742      -6755.206257032047     
28458.50003110716      384970.9501961172      -94635.54181081771     -37278.01667800531     10258.11875304061      8088.749290123047      -6755.064018669642     
28458.5000688711       384970.9083676399      -94632.1392025964      -37277.7087777624      10257.13624947333      8089.211587400081      -6754.788939047334     
28458.50013577281      384970.8337994287      -94626.1115277288      -37277.16302944742     10255.39526006085      8090.030256839611      -6754.30133719694      
28458.50025209879      384970.7027252162      -94615.63177940612     -37276.2132533495      10252.36685189721      8091.452735182556      -6753.452670589987     
28458.50046138687      384970.462369031       -94596.7800963294      -37274.50174092779     10246.91430233715      8094.008818863994      -6751.92309093766      
28458.50093169372      384969.9009793458      -94554.43103800577     -37270.64290660984     10234.64278335873      8099.737896987594      -6748.47318993538      
28458.50173467355      384968.8744410713      -94482.17101605308     -37264.01364630672     10213.63116997832      8109.471724287745      -6742.542427140448     
28458.50331386877      384966.6050893088      -94340.22496902267     -37250.82552644763     10172.08815429505      8128.43855391026       -6730.729056573769     
28458.50651420351      384960.9866620438      -94053.24143462743     -37223.48525700204     10087.00270718956      8166.152697576232      -6706.178351527256     
28458.51235220432      384947.2143699477      -93532.11161979036     -37171.4838275642      9928.693798498411      8232.414201523346      -6659.273427034591     
28458.51929664877      384924.8869136643      -92916.32486876647     -37106.0193998028      9735.153139591715      8306.85996256472       -6599.87300569297      
28458.52624109321      384896.0735022911      -92305.15025487746     -37036.59531923111     9535.905420644503      8376.401934531088      -6536.49844743335      
28458.53318553766      384860.7433078417      -91698.75140000579     -36963.16637100627     9330.920061604371      8440.871066394111      -6469.086486595888     
28458.5401299821       384818.8623772602      -91097.30202556279     -36885.68401559549     9120.16335972096       8500.087752774298      -6397.569454628164     
28458.54707442654      384770.3935992892      -90500.98690322935     -36804.09620998004     8903.598456206008      8553.860831870421      -6321.874976173815     
28458.55401887099      384715.2966739108      -89910.00292226543     -36718.34721146693     8681.185306494817      8601.986463839534      -6241.925632737712     
28458.56096331543      384653.5280885816      -89324.56028594419     -36628.37736212276     8452.880656829753      8644.24687140344       -6157.638589977887     
28458.56790775988      384585.0411037709      -88744.8838606573      -36534.12285205733     8218.638030652442      8680.408921164943      -6068.925184094971     
28458.57485220432      384509.7857530941      -88171.21469948329     -36435.51545922505     7978.407729318678      8710.222520085696      -5975.690462116951     
28458.58179664877      384427.7088640219      -87603.81176866729     -36332.48226323053     7732.136852970251      8733.418796672779      -5877.832670095356     
28458.58874109321      384338.7541044679      -87042.95391909596     -36224.94533074593     7479.769349119832      8749.708030409634      -5775.242682321782     
28458.59568553766      384242.8620689929      -86488.94213209339     -36112.82136864011     7221.246098825687      8758.777285499653      -5667.803363619685     
28458.6026299821       384139.9704134826      -85942.10210326788     -35996.0213419162      6956.505053299672      8760.287695810805      -5555.388855547061     
28458.60957442654      384030.0140583434      -85402.78721599627     -35874.45005170513     6685.481437847176      8753.87133635894       -5437.863775936989     
28458.61651887099      383912.9254801754      -84871.38198783394     -35748.00566893411     6408.108045359073      8739.127602235021      -5315.082319586982     
28458.62346331543      383788.6351221905      -84348.30608084392     -35616.57921793155     6124.31564880721       8715.618997583768      -5186.887246069547     
28458.63040775988      383657.0719633726      -83834.01898960478     -35480.0540032344      5834.033571963723      8682.866213965563      -5053.108738573958     
28458.63735220432      383518.1642966802      -83329.02556012965     -35338.30497218369     5537.190470893543      8640.342347597325      -4913.563115428733     
28458.64429664877      383371.8407902577      -82833.88251339315     -35191.198003121       5233.715397188268      8587.466066363799      -4768.051373563329     
28458.65117130828      383219.6150077123      -82354.02248747068     -35040.15054728452     4926.68976030708       8524.292337770823      -4617.913424634293     
28458.65779548706      383065.9363003355      -81901.97023663035     -34889.36562202837     4624.57888010189       8452.577643610668      -4467.301841567817     
28458.66415598158      382911.8614403956      -81478.0690143674      -34739.60684541205     4328.652698017519      8373.053920624323      -4316.987784756819     
28458.67026235327      382757.9016716194      -81081.07878857794     -34591.11603257434     4039.129113121035      8286.237436158004      -4167.227554025915     
28458.67612153653      382604.5865930759      -80709.94845443711     -34444.17179088977     3756.309298721998      8192.662454049201      -4018.317793694101     
28458.68173712091      382452.4977070781      -80363.83849300545     -34299.11864109048     3480.625428198616      8092.916752783378      -3870.626522020518     
28458.68712374023      382301.8752025015      -80041.24340078783     -34155.99185308846     3211.930950975859      7987.376425845056      -3724.210416830068     
28458.69229391092      382152.9566808217      -79740.84367832073     -34014.84134311452     2950.130639604352      7876.397001300276      -3579.141460091158     
28458.69725348471      382006.1256816115      -79461.74205802061     -33875.86921806236     2695.42645958304       7760.440532356092      -3435.650020658332     
28458.70201069206      381861.6615294279      -79202.92058827577     -33739.19090871944     2447.868767375828      7639.899894306535      -3293.880492984112     
28458.70657583556      381719.7410946718      -78963.28020034892     -33604.83602236566     2207.365375258399      7515.082679430212      -3153.890474573915     
28458.7109589889       381580.507295056       -78741.77710566772     -33472.81155791173     1973.799974329901      7386.257883274833      -3015.715411814489     
28458.71516188575      381444.337493221       -78537.80879216435     -33343.35566699618     1747.473855598832      7253.919419972887      -2879.635764360128     
28458.71919176034      381311.4090608842      -78350.50174094742     -33216.52557496683     1528.372923358271      7118.392849850801      -2745.746589767913     
28458.72306218103      381181.6556676345      -78178.73290914312     -33092.15202914132     1316.107935454434      6979.744487030456      -2613.905357407963     
28458.72677317098      381055.4345925612      -78022.01816344287     -32970.47712462636     1111.005504028279      6838.487182867088      -2484.40764016462      
28458.73033413187      380932.7648595452      -77879.47493203466     -32851.4245380021      912.8566910792533      6694.780104458699      -2357.214835608133     
28458.73375543462      380813.6026474078      -77750.23550499701     -32734.85851615964     721.3725807243109      6548.688314542579      -2232.226193084853     
28458.73704025486      380698.1309279404      -77633.74175382109     -32620.86694873947     536.6458743040325      6400.545823405006      -2109.583285917661     
28458.74019227913      380586.4978106749      -77529.41746385983     -32509.50934373203     358.7252708244084      6250.664610747812      -1989.40187702705      
28458.74321864865      380478.7105463789      -77436.58822301291     -32400.70830849679     187.4478449969771      6099.176725874646      -1871.653899269821     
28458.74612776343      380374.7122557299      -77354.58456712287     -32294.31974090215     22.56243847594641      5946.107349630274      -1756.242003125949     
28458.74892061226      380274.6946379498      -77282.97202201297     -32190.45400659869     -135.7766303581348     5791.845964187592      -1643.348798954627     
28458.75160157004      380178.7134737248      -77221.22269570106     -32089.08716247239     -287.6206144241991     5636.603024836046      -1533.015935843678     
28458.75418033958      380086.6196577694      -77168.72335414638     -31989.9751013006      -433.3349319756206     5480.243478945194      -1425.049462237942     
28458.75665492645      379998.6687595207      -77125.1267610561      -31893.30709197157     -572.6356462828523     5323.314383981844      -1319.731960182629     
28458.75903419827      379914.7165289771      -77089.88882162115     -31798.83981907715     -705.8632057035667     5165.680872009839      -1216.879544404156     
28458.76132157739      379834.8020078167      -77062.59450264956     -31706.5257284164      -833.0604429146836     5007.521225973538      -1116.526615678289     
28458.7635196936       379758.9803101173      -77042.84660966456     -31616.33812265325     -954.2368477494393     4849.061463705648      -1018.735140974139     
28458.765633507        379687.2157163018      -77030.2409237766      -31528.14246755811     -1069.539931139462     4690.347013377423      -923.4551396059989     
28458.76766632892      379619.520701457       -77024.40833572445     -31441.8583631239      -1179.034082707645     4531.523273482573      -830.7007002170333     
28458.76961938531      379555.9656633111      -77024.98988899974     -31357.48439870097     -1282.682226183269     4372.895552991017      -740.574847621312      
28458.77149813574      379496.4728919767      -77031.63657375571     -31274.82599985978     -1380.681636285048     4214.417742162961      -652.9782415791502     
28458.7733052306       379441.0495018376      -77044.01973987996     -31193.79695933561     -1473.086353010429     4056.252141305678      -567.9324118143644     
28458.77504177133      379389.7380113729      -77061.80089750209     -31114.37308354836     -1559.882814354544     3898.696365959514      -485.5259307337869     
28458.77671631559      379342.3577543304      -77084.74470257449     -31036.17517609491     -1641.432320026442     3741.346590317552      -405.4848776866845     
28458.77832705094      379299.0239328704      -77112.51239683953     -30959.29128854358     -1717.587960100313     3584.737450208369      -328.0215822493655     
28458.77987684082      379259.7040064443      -77144.81928922725     -30883.58853728321     -1788.445676950761     3428.973249823045      -253.1200101083286     
28458.78136847663      379224.3612284088      -77181.39395403239     -30808.92884513525     -1854.103675215773     3274.151164663001      -180.7603764917909     
28458.78280725218      379192.9013484925      -77222.05557365813     -30735.03577847847     -1914.767981537814     3120.081350075993      -110.7940607510837     
28458.78419241674      379165.3606169203      -77266.47233212007     -30661.93398918508     -1970.390987511009     2967.202230603828      -43.35970504446806     
28458.78553065236      379141.6201939904      -77314.55689601313     -30589.25184645376     -2021.230546389109     2815.124833383776      21.77173938560441      
28458.78682299255      379121.6767786148      -77366.06472888685     -30516.90562340424     -2067.31405369669      2664.061215902568      84.55990522718355      
28458.78807230905      379105.4913603257      -77420.82724957225     -30444.7075168804      -2108.741547426773     2514.004075586114      145.0589086534086      
28458.7892806677       379093.0369303449      -77478.65697312758     -30372.51025333747     -2145.584470957889     2365.026741363267      203.2884474223719      
28458.79045196842      379084.2731823448      -77539.47422069097     -30300.04952049404     -2177.964275575481     2216.957513399289      259.3602885685613      
28458.79158793627      379079.1875447112      -77603.11219471363     -30227.18538326996     -2205.930508759145     2069.876441128654      313.2845305651323      
28458.79269110403      379077.7650993022      -77669.45815653316     -30153.72540516364     -2229.551118282941     1923.748842798757      365.1127293668199      
28458.79376408477      379080.0003860043      -77738.42169933917     -30079.4668020571      -2248.885962542365     1778.512825689431      414.9016746801565      
28458.79403945173      379081.1860861147      -77756.84002533329     -30059.93088055261     -2253.23268645989      1740.748729056972      427.5663791937619      
28458.79423607977      379082.1917115278      -77770.17381390056     -30045.85636794959     -2256.176714327047     1713.660971698142      436.5790900574045      
28458.79436153727      379082.9035883142      -77778.76095842831     -30036.82101294157     -2257.98453651002      1696.324816306327      442.3158536548528      
28458.7944165682       379083.2332742171      -77782.54725520391     -30032.84402447061     -2258.760008735264     1688.707461133162      444.8287943003356      
28458.79447316827      379083.5835112147      -77786.45400905525     -30028.74486666131     -2259.546386173861     1680.864657142254      447.4111699793697      
28458.79457572392      379084.2470750069      -77793.56512285802     -30021.29467006489     -2260.942150128554     1666.632716335396      452.0844764323848      
28458.79467044979      379084.893337849       -77800.17039851806     -30014.38700739376     -2262.197827084036     1653.463006355759      456.3942756688981      
28458.79483561277      379086.0974605122      -77811.77262769782     -30002.28198163379     -2264.309526791948     1630.444693426136      463.8930892446182      
28458.79516846719      379088.8270192269      -77835.48543784842     -29977.64778984913     -2268.260910683166     1583.841307742102      478.9430687502418      
28458.79583460505      379095.5401962128      -77884.277547441       -29927.36017775467     -2274.912355294358     1489.722190546591      508.7972216099172      
28458.79675241579      379107.6487955652      -77954.44585395847     -29855.81323485536     -2281.204825124793     1358.218470479211      549.2967795128457      
28458.79771210178      379124.0678549815      -78031.4853784743      -29778.03449483753     -2284.010506318952     1218.527757411156      590.7642143288306      
28458.79865759009      379144.2441574267      -78111.0544998681      -29698.26507074462     -2282.758685977039     1078.824245591662      630.6271621096431      
28458.79958002798      379167.9908762141      -78192.16245103561     -29617.28555608065     -2277.459965726109     940.6667968077467      668.4571921095246      
28458.80048066372      379195.2673376496      -78274.60366091442     -29535.0987943982      -2268.181124463019     804.1500821803107      704.2708616700504      
28458.80135860715      379225.9477195246      -78357.96079726022     -29451.93981209386     -2255.031306745016     669.6912885974605      738.0073992668939      
28458.80221617596      379259.9954986672      -78442.10551069563     -29367.77917844424     -2238.094371821765     537.213123492722       769.7379756470785      
28458.80305357695      379297.2908921138      -78526.70510607734     -29282.81674863919     -2217.495208136046     406.9521236127037      799.4576486810467      
28458.80387288942      379337.787530183       -78611.61269284556     -29197.09169525569     -2193.322552882747     278.8436835823861      827.2329796035478      
28458.80467635687      379381.4625305521      -78696.70927451724     -29110.63810129523     -2165.644789609633     152.7832463385558      853.1327504344157      
28458.80546734872      379428.3815677132      -78782.00846207993     -29023.37516423732     -2134.464003174679     28.47695766314919      877.253793506023       
28458.8062474203       379478.5318096142      -78867.3382715678      -28935.42975046375     -2099.824537097727     -94.09307961929699     899.6277551149681      
28458.8070196029       379532.0137483267      -78952.69022141129     -28846.77807106983     -2061.686642182317     -215.1818681754731     920.3215168422678      
28458.80778514477      379588.8282620121      -79037.85922031914     -28757.61616961258     -2020.074628468248     -334.767051701694      939.3442179803884      
28458.80854667102      379649.0904529275      -79122.78816039143     -28668.00155750064     -1974.925833245822     -453.0416544234328     956.7329047040058      
28458.80930526941      379712.811179557       -79207.24175590451     -28578.19381484408     -1926.25122537944      -569.9573075412761     972.4803687243258      
28458.81006342715      379780.1271353314      -79291.13101815159     -28488.31122797311     -1873.963617833846     -685.6780723262524     986.602300896006       
28458.81082122577      379850.9686416928      -79374.09099688087     -28398.78049901329     -1818.134432735434     -799.9967150404646     999.0634821041169      
28458.81157902176      379925.2723549982      -79455.7848034237      -28310.0135131494      -1758.834195125679     -912.7531406771758     1009.839352911605      
28458.81233735115      380002.9784177206      -79535.89705940062     -28222.41055277897     -1696.133475745153     -1023.820002042386     1018.91233635858       
28458.813096724        380084.0130077299      -79614.1157945173      -28136.3764329283      -1630.11626851096      -1133.072926323884     1026.268322389781      
28458.81385779725      380168.3084314694      -79690.1541126705      -28052.29321666296     -1560.863312032213     -1240.416304992754     1031.898228678904      
28458.81462109056      380255.7741657791      -79763.72460261699     -27970.54492625927     -1488.475428546553     -1345.743363731573     1035.795310224167      
28458.81480958396      380277.8034338702      -79781.44358818079     -27950.80115948834     -1470.168298783932     -1371.377319593646     1036.489138800614      
28458.81489212039      380287.5014351811      -79789.14386500156     -27942.21445817121     -1462.099964973301     -1382.553662635244     1036.759596653168      
28458.81492672384      380291.5766528007      -79792.36150299587     -27938.62526104139     -1458.70795738416      -1387.230574506283     1036.866951392354      
28458.81497067174      380296.7602570172      -79796.43886864507     -27934.07608211237     -1454.392034806521     -1393.162954028639     1036.998160905422      
28458.81504421989      380305.4548589241      -79803.23937084095     -27926.48623861784     -1447.149462632199     -1403.072131713903     1037.204898014153      
28458.81512814033      380315.405537313       -79810.96335511463     -27917.86207091727     -1438.855494630664     -1414.349835200779     1037.421166910816      
28458.81522244088      380326.6247311527      -79819.59707399279     -27908.21757274617     -1429.497808727283     -1426.985480125122     1037.63926291344       
28458.81541268256      380349.3783178614      -79836.86584354314     -27888.91272308612     -1410.499235088572     -1452.356544292984     1037.999142578437      
28458.81580733615      380397.0804094265      -79872.04076004805     -27849.53202269382     -1370.585211983747     -1504.469797225642     1038.405559239338      
28458.81651609213      380484.3665285088      -79932.92849471456     -27781.18209782473     -1297.280068217002     -1596.262796677017     1037.993715427364      
28458.81728473975      380581.2165034735      -79995.49024473781     -27710.71471884527     -1215.584456468468     -1693.131044981303     1035.915675035062      
28458.81806947453      380682.2310213757      -80055.46687967816     -27642.92544391975     -1130.032893235957     -1789.072925971181     1032.083546157189      
28458.81886347643      380786.4126078335      -80112.00908426332     -27578.78764425355     -1041.488093002846     -1883.051847052149     1026.497263818736      
28458.81966775512      380893.7382600061      -80164.93434741705     -27518.51163235256     -949.992652242523      -1975.033478551075     1019.144714889834      
28458.82048302654      381004.1443780217      -80214.05407135228     -27462.30053442075     -855.6239300871858     -2064.95263000772      1010.017984728428      
28458.82131232843      381117.8852810502      -80259.31716854642     -27410.18424701452     -758.1869527510032     -2152.991475787777     999.0793526366673      
28458.82215632008      381234.8951228332      -80300.52697006048     -27362.3427837757      -657.7600375267884     -2239.06137267897      986.3146947322812      
28458.82301769107      381355.388838755       -80337.58611732657     -27318.82397857358     -554.1805257156072     -2323.274210166161     971.6778703855665      
28458.82389775785      381479.3912629368      -80370.32073196437     -27279.7462554368      -447.4487709564283     -2405.588489237805     955.1396781151894      
28458.82479801316      381606.9489368229      -80398.56451842096     -27245.20153085067     -337.546786601202      -2485.973659570931     936.6677492049566      
28458.82571872004      381737.9298407496      -80422.12192275116     -27215.30187617522     -224.6109508695723     -2564.290142912736     916.2577994269486      
28458.82666030935      381872.2206415012      -80440.82718651037     -27190.11128093609     -108.7621991418811     -2640.425663290672     893.909288124209       
28458.82762481759      382009.9339189471      -80454.55526735091     -27169.62620349143     10.07308452714611      -2714.399085502504     869.5863545380694      
28458.8286145987       382151.2248135043      -80463.16911696678     -27153.83730852696     132.0050142217767      -2786.236622679744     843.2415820115048      
28458.82962747233      382295.5982502489      -80466.50874979676     -27142.77780469503     256.582247330056       -2855.643438886931     814.9533592946739      
28458.8306677564       382443.4832407783      -80464.46027251461     -27136.37409151996     384.1505766200388      -2922.784724593465     784.6257159659312      
28458.8317346746       382594.5802660873      -80456.89781594875     -27134.59247900474     514.4269380181928      -2987.477048022583     752.3072630951278      
28458.83283147017      382749.1568599043      -80443.68051696895     -27137.36988966537     647.616970673243       -3049.788131719159     717.9294455022456      
28458.83395570744      382906.6780844791      -80424.74022600867     -27144.61644533905     783.23469439446        -3109.464158644672     681.6040384132708      
28458.83511111308      383067.4744970098      -80399.93269597759     -27156.25180581851     921.5396059155987      -3166.59822857814      643.250807810469       
28458.83630230506      383231.9870269923      -80369.04444416479     -27172.23671428989     1062.884551965292      -3221.286646857455     602.7521955321463      
28458.83753104415      383400.2478256867      -80331.89897575497     -27192.51342427074     1207.269485763633      -3273.463507921325     560.0836230973629      
28458.83879339615      383571.5128180662      -80288.52318688226     -27216.90125692482     1354.028839951756      -3322.844973235595     515.4259831300802      
28458.84010028602      383747.0477424266      -80238.43135336161     -27245.50165979555     1504.218605357662      -3369.725844578517     468.4368849776723      
28458.84144784651      383926.1048711022      -80181.64362557094     -27278.12613038975     1657.168682434772      -3413.819565966247     419.2997138938495      
28458.84284163204      384109.1926746564      -80117.81384984478     -27314.78898767097     1813.2827131398        -3455.172448293928     367.8618078726485      
28458.84428285253      384296.2283350799      -80046.76192697177     -27355.40372756409     1972.457564337661      -3493.673939766968     314.1301751158389      
28458.84577317474      384487.18309398        -79968.2906078042      -27399.88842402227     2134.635570513461      -3529.229818787383     258.0989538370998      
28458.84731557522      384682.1859878634      -79882.12890991502     -27448.19782539984     2299.891893312295      -3561.772862601686     199.7162094884777      
28458.848913858        384881.4528464979      -79787.9418033917      -27500.3159302228      2468.37297841396       -3591.237858776553     138.9011509347891      
28458.85056669196      385084.5512776116      -79685.69755651432     -27556.05470981554     2639.676298136642      -3617.465585378244     75.7723243721959       
28458.85228119027      385292.079016723       -79574.84445111215     -27615.50571263116     2814.267366135787      -3640.433038854743     10.12998854080956      
28458.85405535064      385503.509610654       -79455.40169151349     -27678.44711372019     2991.663187825814      -3659.979140058538     -57.87317424530386     
28458.85589521299      385719.274219683       -79326.85951629755     -27744.9347909559      3172.18441180553       -3676.042886474988     -128.3881934111424     
28458.85779576808      385938.5013958035      -79189.48190546404     -27814.62259058315     3355.061145568121      -3688.469122474869     -201.138806729649      
28458.85977292328      386162.7185099113      -79042.01602610573     -27887.92893038959     3541.522820299614      -3697.235559056013     -276.6448081119518     
28458.86181825796      386390.6494814648      -78884.98256059249     -27964.37447193899     3730.461051509803      -3702.175248854947     -354.4908636531222     
28458.86393993545      386622.8924459545      -78717.67058137238     -28044.09025300188     3922.325503552091      -3703.200267162517     -434.8903201266527     
28458.86614142155      386859.4899664639      -78539.70735891764     -28127.03077840053     4117.100796247842      -3700.191275434594     -517.8711836146093     
28458.86841451099      387099.2472635622      -78351.69065916626     -28212.70699414247     4313.756097116416      -3693.071061794971     -603.0197605268994     
28458.87077322432      387343.3231456609      -78152.39813350837     -28301.46521858401     4513.193046236016      -3681.710976175561     -690.7527207441442     
28458.87322503285      387592.1166926453      -77941.09852790112     -28393.39980492696     4715.679554494806      -3665.955805595509     -781.2286671912067     
28458.87576250709      387844.5105999194      -77718.3527654775      -28488.0425788954      4920.249263449276      -3645.754475981963     -874.0518194886467     
28458.87840057897      388101.6155132069      -77482.77365200405     -28585.75636755522     5127.742894959109      -3620.892853968485     -969.6410826298852     
28458.88113018435      388362.1673065127      -77235.09996690675     -28686.00830436627     5337.079085606919      -3591.367581495704     -1067.536175740222     
28458.88396500762      388627.0897208138      -76974.02939706977     -28789.10095099144     5548.937899920659      -3556.952368840504     -1168.092024671337     
28458.88690391336      388895.8687015004      -76699.59917794151     -28894.78635095598     5762.840968477132      -3517.577092671915     -1271.124050829666     
28458.88995200224      389168.5636078383      -76411.27752592598     -29003.03906361054     5978.767676780743      -3473.101908841309     -1376.663291460331     
28458.89311035587      389444.8584746738      -76108.9138232952      -29113.68558149415     6196.398210676814      -3423.447460215517     -1484.594796487866     
28458.89639706022      389725.8790924369      -75790.71513085905     -29227.13449760085     6416.54081716375       -3368.253553500873     -1595.370491208284     
28458.89980765016      390010.7604151071      -75457.05028823169     -29342.99692859798     6638.433345131128      -3307.518068800486     -1708.663384779989     
28458.90334549205      390299.3176795638      -75107.54838333942     -29461.15454442789     6861.84975172386       -3241.126440848557     -1824.409039499361     
28458.90701377166      390591.3395756428      -74741.86242223813     -29581.47752509646     7086.542315530826      -3168.974334036905     -1942.53044005585      
28458.91082765175      390887.5226991976      -74358.44320437148     -29704.21266464987     7312.954066847986      -3090.714265855013     -2063.320340829246     
28458.91478466615      391187.1425981158      -73957.5045575691      -29829.02040770398     7540.432538441242      -3006.351837326076     -2186.49500383872      
28458.91889509195      391490.4369143851      -73537.98195965347     -29955.95951577637     7769.056681843534      -2915.634583220015     -2312.162371064577     
28458.92316343943      391797.1702592574      -73099.39528132082     -30084.89188914698     7998.540436777573      -2818.433698936757     -2440.236244493837     
28458.92759324807      392107.0209975721      -72641.37264918879     -30215.64168642064     8228.531422409105      -2714.651749652829     -2570.592179246929     
28458.93219273759      392419.9698832136      -72163.06448676462     -30348.15960838061     8458.898076834024      -2604.088596544696     -2703.231642991404     
28458.93697377463      392736.18845823        -71663.23948115087     -30482.47743091168     8689.638396908524      -2486.454455579126     -2838.239072262851     
28458.94193787656      393055.1189573348      -71141.75142488031     -30618.31628045623     8920.210109305744      -2361.717955831891     -2975.387857113707     
28458.94709388588      393376.6580329592      -70597.6969346172      -30755.58842860408     9150.398018706032      -2229.67687814         -3114.643776765988     
28458.95244486719      393700.3076086182      -70030.79051395302     -30894.03583909043     9379.698553195751      -2090.28594355964      -3255.800523885575     
28458.95800221539      394026.0429821446      -69439.87456071694     -31033.60074559989     9607.938672652192      -1943.294145802254     -3398.856471936571     
28458.96376826985      394353.264590342       -68824.762945159       -31173.97695392118     9834.534228060766      -1788.699351309094     -3543.55694704836      
28458.96976057873      394682.1918561067      -68183.6577187605      -31315.20696864427     10059.45984729866      -1626.103096796691     -3690.008444605133     
28458.97597926169      395012.0211434726      -67516.63401734183     -31456.89127770263     10281.97621338087      -1455.588975730818     -3837.862757316651     
28458.98243667838      395342.5785134823      -66822.47177892894     -31598.89725929998     10501.76696936891      -1276.923719620421     -3987.050123913259     
28458.98914462174      395673.5862028197      -66100.02368046821     -31741.04385004549     10718.42947785678      -1089.902342929481     -4137.45468421163      
28458.99608906619      396003.4911442528      -65350.94436858666     -31882.59846788182     10930.72972582265      -895.0622397472923     -4288.375480446884     
28459.00303351063      396320.8899682781      -64600.9576198512      -32018.60897742274     11131.30940975331      -699.2584641218281     -4434.544630226557     
28459.00997795508      396626.2355864046      -63850.30932812608     -32149.2237592781      11320.62166453744      -502.7462917939607     -4576.073859844873     
28459.01692239952      396919.9441375913      -63099.21968704575     -32274.58164960638     11499.08283424249      -305.7546913925851     -4713.067814332508     
28459.02386684397      397202.3988735496      -62347.88687787217     -32394.81250092534     11667.07636038564      -108.4900234140699     -4845.624488981997     
28459.03081128841      397473.9535294103      -61596.49014034773     -32510.03773833177     11824.95615365839      88.86086086383901      -4973.8356428994       
28459.03775573286      397734.9352571905      -60845.19235654149     -32620.37089808048     11973.04952938432      286.1280078144136      -5097.787190255651     
28459.0447001773       397985.6471899663      -60094.14223085809     -32725.91814004722     12111.65977285128      483.1561482087794      -5217.559567113869     
28459.05164462174      398226.3706911376      -59343.47614021852     -32826.77872984689     12241.06838926551      679.8028114900108      -5333.228073143361     
28459.05858906619      398457.3673328229      -58593.31971941056     -32923.0454891323      12361.53708384915      875.9367109018832      -5444.863188448579     
28459.06553351063      398678.8806440072      -57843.78921517213     -33014.80521311621     12473.30951010056      1071.436353738558      -5552.530866309979     
28459.07247795508      398891.1376575705      -57094.9926599489      -33102.13905673679     12576.61281810287      1266.188839679998      -5656.292802969221     
28459.07942239952      399094.3502855786      -56347.03088323081     -33185.12289010301     12671.65902973994      1460.08881693107       -5756.206685769128     
28459.08636684397      399288.7165427803      -55599.99839912098     -33263.82762560375     12758.64626352416      1653.037571379479      -5852.326421033806     
28459.09331128841      399474.4216405423      -54853.98417576035     -33338.31951767912     12837.75982831648      1844.942228252823      -5944.702343080421     
28459.10025573286      399651.6389650183      -54109.07231671007     -33408.66043782252     12909.17320235675      2035.715049326682      -6033.381405718505     
28459.1072001773       399820.5309552871      -53365.34265979222     -33474.90812617357     12973.04891164607      2225.272811503128      -6118.407357528593     
28459.11414462174      399981.2498931968      -52622.87130657584     -33537.11642153208     13029.53931972715      2413.536254907494      -6199.82090213456      
28459.12108906619      400133.9386139095      -51881.73109953978     -33595.33547185292     13078.78733922379      2600.429590544145      -6277.659844597846     
28459.12803351063      400278.7311485633      -51141.99204235259     -33649.61192604889     13120.92707409603      2785.880059039066      -6351.959224973082     
28459.13497795508      400415.7533042211      -50403.72168378289     -33699.98910928221     13156.0844003526       2969.817533339947      -6422.751439977459     
28459.14192239952      400545.1231902216      -49666.98545864473     -33746.50718234584     13184.37749195672      3152.174159222655      -6490.066353640603     
28459.14886684397      400666.9516942569      -48931.84700438206     -33789.20328709185     13205.91729777509      3332.884028397314      -6553.931397721247     
28459.15581128841      400781.342915705       -48198.36844482122     -33828.11167825806     13220.80797469231      3511.882879659081      -6614.37166260005      
28459.16275573286      400888.394559338       -47466.61065207111     -33863.26384307777     13229.1472813596       3689.107824190237      -6671.409979286138     
28459.1697001773       400988.1982930868      -46736.633491327       -33894.68860964336     13231.02693650135      3864.497091611047      -6725.066993109237     
28459.17664462174      401080.8400748638      -46008.49604287823     -33922.41224431126     13226.53294523297      4037.989793771275      -6775.361229605026     
28459.18358906619      401166.4004490986      -45282.25681706116     -33946.45853962727     13215.74589641682      4209.525703692379      -6822.309153045577     
28459.19053351063      401244.9548183417      -44557.97394950462     -33966.84889252609     13198.74123374535      4379.045047286642      -6865.925218010976     
28459.19747795508      401316.5736898442      -43835.70539245019     -33983.60237417158     13175.58950290761      4546.488305811196      -6906.221914349559     
28459.20442239952      401381.3229014353      -43115.50909133681     -33996.73579117953     13146.35657694295      4711.796027145892      -6943.209805825611     
28459.21136684397      401439.2638261932      -42397.44316177952     -34006.26373945316     13111.10386162462      4874.908644230032      -6976.897562710159     
28459.21831128841      401490.4535598064      -41681.56605553559     -34012.19865022942     13069.88848253079      5035.766299059808      -7007.29198852782      
28459.22525573286      401534.9450908246      -40967.9367240267      -34014.55082907638     13022.76345525674      5194.308670818116      -7034.398041133534     
28459.2322001773       401572.7874548741      -40256.61478215875     -34013.32848819644     12969.77784006244      5350.474806783704      -7058.218848253642     
28459.23914462174      401604.0258754331      -39547.66066506602     -34008.53777172163     12910.97688211771      5504.202954706478      -7078.75571758954      
28459.24608906619      401628.7018899792      -38841.13579217654     -34000.18277497715     12846.40213835335      5655.430395448012      -7096.008141545795     
28459.25303351063      401646.8534649066      -38137.10272482562     -33988.26555691744     12776.09159184461      5804.093274638436      -7109.973796608034     
28459.25997795508      401658.5150977807      -37435.62533205747     -33972.7861466428      12700.07975451716      5950.12643219641       -7120.648537361209     
28459.26692239952      401663.7179093941      -36736.76895513271     -33953.74254337302     12618.39775890385      6093.463228489827      -7128.026385101847     
28459.27386684397      401662.4897250342      -36040.60057936868     -33931.13071033188     12531.07343957592      6234.035365948863      -7132.099510961944     
28459.28081128841      401654.8551459985      -35347.18901163376     -33904.94456230983     12438.13140481031      6371.77270488048       -7132.858213423564     
28459.28775573286      401640.8356122932      -34656.60506185704     -33875.17594662416     12339.59309899035      6506.603072185218      -7130.290890063719     
28459.2947001773       401620.4494557737      -33968.92173733154     -33841.81461780269     12235.47685616078      6638.452061636912      -7124.384003327959     
28459.30164462174      401593.7119457686      -33284.21444055608     -33804.84820512285     12125.79794513187      6767.242824253827      -7115.122040086135     
28459.30858906619      401560.6353254621      -32602.5611853283      -33764.26217360301     12010.56860644181      6892.895847246839      -7102.487464676826     
28459.31553351063      401521.2288413275      -31924.04281975501     -33720.03977732077     11889.79808148456      7015.328719834364      -7086.460665095338     
28459.32247795508      401475.4987646918      -31248.74326540728     -33672.16200517576     11763.49263403854      7134.455884116614      -7067.019891923983     
28459.32942239952      401423.4484057547      -30576.74977396992     -33620.6075186408      11631.65556441291      7250.188369000657      -7044.141189542914     
28459.33636684397      401365.078120628       -29908.15320092123     -33565.35258084166     11494.28721640061      7362.433504952236      -7017.79831909091      
28459.34331128841      401300.3853110929      -29243.04830176986     -33506.37097660388     11351.38497719541      7471.094617119003      -6987.962672571306     
28459.35025573286      401229.3644179312      -28581.53404859248     -33443.63392249144     11202.94327042701      7576.070694061205      -6954.603177414429     
28459.3572001773       401152.006906841       -27923.7139776056      -33377.10996660282     11048.95354243362      7677.256029020981      -6917.686190713615     
28459.36414462174      401068.3012485926      -27269.69656045406     -33306.76487656578     10889.40424192114      7774.539830223609      -6877.175382247025     
28459.37108906619      400978.2328916804      -26619.5956162387      -33232.56151564        10724.28079312248      7867.805796303714      -6833.03160527882      
28459.37803351063      400881.7842294583      -25973.5307556162      -33154.45970495733     10553.56556263024      7956.931652348226      -6785.212753996881     
28459.38497795508      400778.9345608719      -25331.62786935143     -33072.41607113917     10377.23782007374      8041.788641469151      -6733.673606292907     
28459.39192239952      400669.6600451186      -24694.019666353       -32986.38387782409     10195.27369287138      8122.240966058544      -6678.365650415007     
28459.39886684397      400553.9336508827      -24060.84626503808     -32896.31283930005     10007.64611536149      8198.1451720037        -6619.236893823377     
28459.40581128841      400431.7251001148      -23432.25584862557     -32802.14891460017     9814.324772703092      8269.349468123564      -6556.231652350634     
28459.41275573286      400303.0008075368      -22808.40538805659     -32703.83407961193     9615.276040083441      8335.69297185016       -6489.290317505726     
28459.4197001773       400167.7238155898      -22189.4614500298      -32601.3060752976      9410.462917926234      8397.004870755369      -6418.349099456396     
28459.42664462174      400025.8537269009      -21575.60109316224     -32494.49812866839     9199.844964059595      8453.103487757151      -6343.339742875566     
28459.43358906619      399877.3466345922      -20967.01287313288     -32383.33864384834     8983.378224090493      8503.795235799835      -6264.18921243134      
28459.44053351063      399722.1550524833      -20363.89796998293     -32267.75085940192     8761.015161663459      8548.873445285457      -6180.819344230355     
28459.44747795508      399560.22784773        -19766.47145393505     -32147.652467572       8532.704590830817      8588.117044521125      -6093.146458977623     
28459.45442239952      399391.5101781536      -19174.96371769955     -32022.95519101346     8298.391613464672      8621.289069802664      -6001.080931980187     
28459.46136684397      399215.9434387315      -18589.62209745136     -31893.56431116204     8058.017565614481      8648.134977273567      -5904.526714381111     
28459.46831128841      399033.4652219806      -18010.71271802792     -31759.37814208426     7811.519977953631      8668.380723241984      -5803.380799144987     
28459.47525573286      398844.0092996364      -17438.52259605943     -31620.2874420477      7558.832557146046      8681.730572882452      -5697.532624308279     
28459.4822001773       398647.5056337806      -16873.36205525967     -31476.17475476002     7299.885197159379      8687.864588914097      -5586.863404830634     
28459.48914462174      398443.8804304535      -16315.56750207241     -31326.91366967211     7034.604032554172      8686.435741402473      -5471.24538301275      
28459.49608906619      398233.0562509065      -15765.50463847648     -31172.36799026385     6762.911549740783      8677.066566788852      -5350.540985855043     
28459.50303351063      398014.9522022456      -15223.57219478205     -31012.39079660634     6484.726777613791      8659.345287728953      -5224.601875891858     
28459.50997795508      397789.4842365026      -14690.20628610971     -30846.82338629813     6199.96558632118       8632.821284334359      -5093.267879927436     
28459.51692239952      397556.5655963404      -14165.88553078153     -30675.49407592746     5908.541132980386      8596.99978053122       -4956.365777714721     
28459.52386684397      397316.1074606458      -13651.13709304714     -30498.21684155508     5610.36450708798       8551.335574517174      -4813.707929972503     
28459.53081128841      397068.0198617929      -13146.54386522676     -30314.78977403346     5305.345647747375      8495.225597112058      -4665.090722305344     
28459.53755222126      396819.8201899712      -12667.06373190484     -30130.64821208907     5002.635994295425      8430.134993299227      -4514.919368527764     
28459.5440288733       396574.4251301272      -12216.58132166846     -29947.86991911563     4705.566578011129      8357.097285303085      -4364.945307338584     
28459.55024296891      396332.5335801371      -11794.36796564648     -29766.9088721892      4414.738921777624      8276.716003063511      -4215.609898511081     
28459.55620585267      396094.4350338949      -11399.03859116866     -29587.92472677819     4130.274914419103      8189.473578728321      -4067.11076411266      
28459.56192735656      395860.4236666157      -11029.34207986578     -29411.08914686921     3852.32028755162       8095.840438083502      -3919.651848633633     
28459.56741329097      395630.9138577029      -10684.30607659718     -29236.67376209187     3581.177933008525      7996.333934369398      -3773.518137184716     
28459.57267768013      395405.9315421116      -10362.46612792664     -29064.66291037337     3316.705890155903      7891.297806153315      -3628.751347106915     
28459.57772437564      395185.8893405877      -10063.0149309562      -28895.34274036836     3059.231252683511      7781.243098687435      -3485.644061131489     
28459.58257152566      394970.5341046009      -9784.327710461963     -28728.4928268588      2808.314646549901      7666.338001544115      -3344.058073403794     
28459.58721243687      394760.6763330293      -9526.237047017526     -28564.72241953734     2564.767549193319      7547.310329466819      -3204.556812193173     
28459.59165874787      394556.2857416195      -9287.521682275961     -28403.99828674742     2328.429619416026      7424.453926769228      -3067.157870762344     
28459.5959295747       394356.933860581       -9066.63482738492      -28245.97217162926     2098.694707216815      7297.778536387736      -2931.604730678403     
28459.6000257269       394163.0017137166      -8863.038879476391     -28090.93631194085     1875.90148025916       7167.773394183964      -2798.186505014537     
28459.60395869835      393974.3418083155      -8675.671144289519     -27938.76700468444     1659.787569431436      7034.583342603449      -2666.83369876209      
28459.60773156764      393791.1792881062      -8503.905664469017     -27789.64266971732     1450.525515893717      6898.602174564073      -2537.735527643389     
28459.61135021499      393613.5832329084      -8346.991207246288     -27643.62153596398     1248.114699554287      6760.121271364919      -2410.976728556947     
28459.61481960819      393441.6445209198      -8204.231232436992     -27500.78434424508     1052.585062470235      6619.45228054426       -2286.660589728137     
28459.61815098322      393275.1180666348      -8074.704027763502     -27360.93357551383     863.5907193509643      6476.61996100637       -2164.646583155923     
28459.62134856473      393114.0833537953      -7957.807134680079     -27224.14177188379     681.1605123363461      6331.902746674525      -2045.027748961094     
28459.62441587834      392958.6377857709      -7852.969582019718     -27090.50201517415     505.3476049787425      6185.605627263533      -1927.914648651435     
28459.62736150226      392808.6040636862      -7759.468744252754     -26959.87312843677     335.8988294495103      6037.772072003631      -1813.211629033212     
28459.63018936829      392664.0225198086      -7676.765965247954     -26832.30145961641     172.8113569979883      5888.642480694481      -1700.986361838061     
28459.63290366097      392524.9051589431      -7604.32576796522      -26707.81206406277     16.05381413526146      5738.434201335449      -1591.287303388839     
28459.63551099053      392391.1243815105      -7541.570771183879     -26586.30554239987     -134.5589965981519     5587.208175744982      -1484.052467655493     
28459.63801374024      392262.7551520419      -7488.048955881608     -26467.86645802822     -278.9809755787009     5435.247595388603      -1379.381486814744     
28459.64041974768      392139.579740853       -7443.210919051473     -26352.31001030581     -417.4924440379789     5282.486107740516      -1277.13538998028      
28459.64273055545      392021.6910504815      -7406.656713250564     -26239.73953018364     -550.0216142322975     5129.22572447332       -1177.429408841771     
28459.64495082226      391909.0108621231      -7377.940066681889     -26130.10001789991     -676.6867101068045     4975.55993288216       -1080.238342231565     
28459.64708696116      391801.3631596629      -7356.626214281367     -26023.23629299317     -797.7136209732342     4821.427720451402      -985.4476102981498     
28459.64913896918      391698.8861072469      -7342.364872073684     -25919.30412886654     -912.9729398322763     4667.211765422688      -893.2181064675805     
28459.65111193286      391601.4516988928      -7334.766874031191     -25818.19672568361     -1022.6325389814       4512.916801542617      -803.4775502943201     
28459.6530067787       391509.1284045901      -7333.475852774411     -25720.01147920934     -1126.637259805547     4358.857251888191      -716.334553268337      
28459.65483160659      391421.6280445646      -7338.15031362357      -25624.46504936524     -1225.332077960674     4204.745889906718      -631.5595481577492     
28459.65658581384      391339.0773672374      -7348.463197600682     -25531.71818289341     -1318.592810662297     4050.995598075481      -549.3168258590379     
28459.65827213433      391261.4304742453      -7364.090002646346     -25441.75242885188     -1406.487980627275     3897.743897260669      -469.6112441078096     
28459.65989407442      391188.5988169663      -7384.728481452168     -25354.50032354343     -1489.132892801676     3745.044004026367      -392.4038715250446     
28459.66145493259      391120.4990791525      -7410.095675735942     -25269.89720377284     -1566.635789400849     3592.948123878743      -317.6580050461441     
28459.66295678336      391057.0955740886      -7439.903645688264     -25187.93753685502     -1639.049430897383     3441.613718748123      -245.388802047744      
28459.66440337734      390998.276500338       -7473.911839466062     -25108.51749430413     -1706.512311013262     3291.016025386792      -175.5243368293051     
28459.66579574806      390944.036110418       -7511.831216720228     -25031.67565228864     -1769.040218361892     3141.398453112238      -108.1175139022854     
28459.6671379496       390894.2440128966      -7553.46308858566      -24957.27801797197     -1826.791225250022     2992.671625021277      -43.06913794930404     
28459.6684314534       390848.866137917       -7598.5513505417       -24885.32711100443     -1879.81136618319      2845.010896717951      19.60083825604596      
28459.66967936764      390807.8052645776      -7646.905424829669     -24815.72900070886     -1928.219204784184     2698.395764919889      79.95731522598618      
28459.6708843326       390770.982256972       -7698.338981742976     -24748.41021974513     -1972.112119860651     2552.839542766803      138.047600324416       
28459.67204983585      390738.2973697007      -7752.725649100039     -24683.24501531693     -2011.612745323903     2408.231086741384      193.9640459863356      
28459.6731772307       390709.7153196919      -7809.859677936045     -24620.22271158271     -2046.766485752962     2264.7050375464        247.7003255716646      
28459.67426914474      390685.1657907307      -7869.606967252828     -24559.25773159492     -2077.661000736139     2122.225436314787      299.3149559454163      
28459.67532836536      390664.5832380723      -7931.863353858131     -24500.25262607702     -2104.379850908976     1980.715809741054      348.87631751981        
28459.6763572611       390647.9202737316      -7996.520565696925     -24443.13118193527     -2126.985776403964     1840.136802842939      396.4346243671023      
28459.67735755046      390635.1455938204      -8063.441752822038     -24387.85165479926     -2145.521488499344     1700.525391662585      442.0117124077517      
28459.67742306238      390634.4335932132      -8067.966641557945     -24384.24175727638     -2146.610221523481     1691.281230107026      444.9713322862785      
28459.67753410123      390633.2629061582      -8075.676263123491     -24378.12645061055     -2148.419286370301     1675.584818696799      449.980146335918       
28459.67759296465      390632.6608448463      -8079.783795167094     -24374.88632412718     -2149.359679350209     1667.249585722243      452.6314899097406      
28459.67765816645      390632.0090422715      -8084.350262838079     -24371.29869827178     -2150.386178323537     1658.005251917125      455.565130268016       
28459.67778539646      390630.7831339943      -8093.311371205236     -24364.30237704588     -2152.34303998233      1639.931575155259      461.2798166163646      
28459.67800427946      390628.8179189464      -8108.884269151225     -24352.27986653727     -2155.565143080237     1608.730202727658      471.0802333891011      
28459.67838617605      390625.8330352803      -8136.530855713347     -24331.34765646212     -2160.741094579567     1553.966310198067      488.0822645217248      
28459.6790328431       390622.108197969       -8184.732431702711     -24296.04325935592     -2168.170593872683     1460.300865186216      516.5721645089651      
28459.67991262452      390619.8593764859      -8253.130577944585     -24248.33587635805     -2175.448480141126     1331.021555904969      554.6699344094798      
28459.68081592255      390621.1421045973      -8326.753632716385     -24199.80894439979     -2179.315949888866     1196.140197894094      592.8994035969891      
28459.68170405664      390626.185928971       -8402.487064703964     -24152.62721920945     -2179.322721485679     1061.502529246262      629.5048509296896      
28459.68257262761      390634.9737841554      -8479.723505097727     -24107.07846109325     -2175.461595359485     928.013483461178       664.2543804421189      
28459.68342167308      390647.4620183411      -8558.186389611134     -24063.20857447536     -2167.777268817541     795.9276498609363      697.1137061177149      
28459.68425168645      390663.5917129897      -8637.623000829984     -24021.03758552257     -2156.332255880688     665.4315227260165      728.0736601987982      
28459.68506324406      390683.2888293172      -8717.776536606123     -23980.57961303584     -2141.204613698117     536.6966047841856      757.1344418987006      
28459.68585669085      390706.4562093099      -8798.357250812354     -23941.85814792119     -2122.494173808405     409.9269385843947      784.2947265186953      
28459.68663205498      390732.9649987602      -8879.033472686337     -23904.90837432141     -2100.330657920631     285.3714141236128      809.5510240519222      
28459.68739078023      390762.7196766453      -8959.618074005552     -23869.69528545425     -2074.818344885122     163.0419095718021      832.9525097774833      
28459.68813456351      390795.6405276955      -9039.959031135282     -23836.17418264883     -2046.047032709034     42.8962790584312       854.5555897291497      
28459.6888660837       390831.7092702324      -9120.02170480303      -23804.26177374783     -2014.050451882639     -75.27861832052352     874.439831586512       
28459.68958795485      390870.9354561731      -9199.776128945272     -23773.88791620033     -1978.834002046278     -191.6947476081678     892.672051343503       
28459.69030266157      390913.3515179667      -9279.184491588392     -23744.99934211702     -1940.37935577401      -306.5481577696156     909.3041162801023      
28459.69101260356      390959.0126813316      -9358.200622972821     -23717.55845443589     -1898.644803418903     -420.0221536368137     924.3739400130819      
28459.69171973207      391007.9684869334      -9436.724534888966     -23691.55701260046     -1853.591734266128     -532.2260768974885     937.8987769684188      
28459.6924262318       391060.3033538256      -9514.674136190699     -23666.98985363641     -1805.147852697168     -643.3014455763399     949.8900836091632      
28459.69313461656      391116.148922377       -9591.990593215112     -23643.85512309063     -1753.195346962416     -753.4317340941707     960.3517417895735      
28459.69384369546      391175.3440980088      -9668.201248493669     -23622.27697572882     -1697.88872897124      -862.2210402683421     969.2299685188835      
28459.6945538383       391237.8252602683      -9743.006114825594     -23602.32071568271     -1639.293624706853     -969.5246245284309     976.5034000908485      
28459.69526473957      391303.4514973978      -9816.041188862706     -23584.06384835018     -1577.549251452331     -1075.104803244464     982.1506444311001      
28459.69597650349      391372.0989725706      -9887.000284106149     -23567.56250252617     -1512.779996923782     -1178.79903189068      986.1631845314745      
28459.69668973529      391443.6809937981      -9955.643010451824     -23552.8534707417      -1445.075820709473     -1280.529195225643     988.5409710037366      
28459.69740452243      391518.051524394       -10021.69704550696     -23539.97686723279     -1374.58319313371      -1380.154476863079     989.2867458893174      
28459.69756594518      391535.1930734346      -10036.20999611477     -23537.32934041164     -1358.316241212493     -1402.317990325338     989.2302972410406      
28459.69767682081      391547.0383815148      -10046.08911587786     -23535.5666115667      -1347.0714152914       -1417.468245908915     989.1438518083712      
28459.69771717032      391551.3633513474      -10049.6660587587      -23534.93640230306     -1342.964920920255     -1422.966815745496     989.102781120416       
28459.69775376415      391555.2922943249      -10052.90159952181     -23534.37005757556     -1339.234094881063     -1427.946701941378     989.061104652567       
28459.69781962823      391562.3794559326      -10058.70477071743     -23533.36319002809     -1332.503462241742     -1436.893298455213     988.9754908959761      
28459.6978950527       391570.5197851874      -10065.31793995862     -23532.22988137403     -1324.771325856723     -1447.112312985798     988.8607333530815      
28459.69798438879      391580.1950200975      -10073.10588104999     -23530.91476769837     -1315.579451920368     -1459.179813860616     988.701765787413       
28459.69813678663      391596.7826863711      -10086.27763893218     -23528.73947915815     -1299.816045516778     -1479.674179523406     988.3730714130279      
28459.69839424604      391625.038162853       -10108.19989571397     -23525.25976389179     -1272.952199834049     -1514.032857998562     987.6538072141911      
28459.69888252408      391679.3988384317      -10148.61124515821     -23519.33318315625     -1221.227800416851     -1578.270198751703     985.728979208589       
28459.69957954186      391758.6490897565      -10203.57126862024     -23512.39292116735     -1145.734070300786     -1667.830602903761     981.7295525956588      
28459.70031496021      391844.1922846928      -10257.96223903807     -23506.98906140878     -1064.145734407764     -1759.543147899289     975.9526582886001      
28459.7010646018       391933.2155213908      -10309.49501035389     -23503.47399624155     -979.1447487216744     -1850.04210173406      968.4706022842049      
28459.70182577155      392025.2748370026      -10357.70380456486     -23501.9154524124      -891.1601550382327     -1938.817303309983     959.2882213670296      
28459.70259955623      392120.3598592608      -10402.41715860615     -23502.34560904637     -800.2077052371416     -2025.835552423487     948.3847177239088      
28459.70338722137      392218.4810516678      -10443.4776660947      -23504.79434644058     -706.2832049226788     -2111.080596772486     935.7365408143746      
28459.70418992376      392319.6342941847      -10480.72450902854     -23509.28915463517     -609.3963923267119     -2194.520127519458     921.3214435394752      
28459.70500987155      392423.9479131128      -10514.04046350359     -23515.86411223153     -509.4300557522844     -2276.221335545185     905.0958746183699      
28459.70584526102      392531.0357977338      -10543.15970582755     -23524.51350156676     -406.7601003227085     -2355.856643117374     887.0996364521625      
28459.70670037973      392641.2877632949      -10568.04843267137     -23535.28480632974     -301.0186784750514     -2433.688287893011     867.2470732640854      
28459.70757529489      392754.5516665421      -10588.51833020967     -23548.18260251201     -192.357474586942      -2509.565354186255     845.5413694796965      
28459.70846979214      392870.6336611555      -10604.40565253366     -23563.19328107085     -80.96837789832816     -2583.3309702482       822.0018122287141      
28459.70938620459      392989.6677523347      -10615.60482544993     -23580.33909769302     33.27127165957953      -2655.043580486707     796.5845943617011      
28459.71032585486      393111.6546451358      -10621.98359139253     -23599.62605643105     150.3562584122812      -2724.667518843254     769.2710282114418      
28459.71128881406      393236.4300530946      -10623.41093271461     -23621.02879115214     270.1229810165667      -2792.078116760443     740.0822067858892      
28459.712277757        393364.1644469319      -10619.76503710345     -23644.57561374981     392.7291457510798      -2857.333786000632     708.9627787678521      
28459.71329051207      393494.4007866868      -10610.95016993351     -23670.17479123245     517.7301636373819      -2920.176803364182     676.0128583241169      
28459.71433322769      393627.7497650391      -10596.80488537903     -23697.94054511179     645.7062645391123      -2980.868532579181     641.0647715845289      
28459.71540526652      393763.944382665       -10577.21466959238     -23727.81647690617     776.3952300743747      -3039.237571749768     604.1708526584079      
28459.71650842081      393903.025656622       -10552.04056578868     -23759.80584048554     909.8304437998804      -3095.25881357871      565.3056954540291      
28459.71764514769      394045.1115277882      -10521.11556497733     -23793.93166986525     1046.119002389286      -3148.928980195507     524.4202701926939      
28459.71881659506      394190.1490795252      -10484.29774015814     -23830.17732234835     1185.204018768118      -3200.173081431763     481.513188929221       
28459.72002430134      394338.1293569203      -10441.43452966212     -23868.53502039216     1327.070739822171      -3248.933482675655     436.571463548774       
28459.7212722761       394489.335551125       -10392.2691299782      -23909.07575207292     1471.984306330355      -3295.237678621236     389.4904575902464      
28459.7225610508       394643.6168689842      -10336.66296350657     -23951.75776446114     1619.793703304888      -3338.96757986574      340.2971960062803      
28459.72389427154      394801.1879942832      -10274.34137752741     -23996.63921749573     1770.697976758248      -3380.108644776998     288.9028317245402      
28459.72527375584      394962.0323674898      -10205.09618533013     -24043.71597557215     1924.674419643232      -3418.5731149573       235.2903755331354      
28459.72669964607      395125.9340551951      -10128.81004737142     -24092.92222633222     2081.509498343438      -3454.231992425566     179.5119789956005      
28459.72817639117      395293.1646588605      -10045.13483421616     -24144.33721790218     2241.456142702455      -3487.063452328774     121.4547777925973      
28459.72970626881      395463.729627586       -9953.822238139432     -24197.96309803418     2404.512305507278      -3516.976923723432     61.09349393252739      
28459.7312902998       395637.486564889       -9854.69990398859      -24253.75394716325     2570.534575528014      -3543.85806464573      -1.543660274659373     
28459.73292920805      395814.259678395       -9747.625292189812     -24311.64906390438     2739.347830986248      -3567.59774928198      -66.41270665941181     
28459.73463188918      395994.7328610886      -9631.902464834182     -24371.87310026646     2911.597504053821      -3588.187821566485     -133.7893330617219     
28459.73639548188      396178.3167478616      -9507.609444382224     -24434.23102377691     3086.713216377334      -3605.455376136265     -203.4796475822727     
28459.73822224639      396364.9692879595      -9374.49463094479      -24498.70473756627     3264.647397829729      -3619.306685551557     -275.4885099087891     
28459.7401113483       396554.3316222794      -9232.540966667262     -24565.16367209704     3445.050757780458      -3629.63357808818      -349.695500809554      
28459.74207851815      396747.6717489574      -9080.458863460979     -24634.05420430368     3629.123174600105      -3636.393064837627     -426.6247512916817     
28459.74411618748      396943.9212999153      -8918.720577746957     -24704.99904267251     3815.839050361431      -3639.425616430367     -505.8812260868611     
28459.74622589015      397142.9302729341      -8747.131072448743     -24777.9384016793      4005.048288995782      -3638.637845135444     -587.4246934379671     
28459.74841650173      397345.2167398683      -8564.884022652275     -24853.06016336498     4197.235612611548      -3633.920859492322     -671.4924239958508     
28459.75068461573      397550.1404109353      -8372.182231895307     -24930.12451597162     4391.784893562512      -3625.18078177918      -757.8437886183882     
28459.75303609509      397757.9081621596      -8168.459591213265     -25009.20505014234     4588.885096961939      -3612.306613222286     -846.5893419610652     
28459.75547842832      397968.8294082833      -7952.984843961709     -25090.41977428658     4788.821667871353      -3595.155561492241     -937.890936788926      
28459.75800734284      398182.1841046233      -7726.063709064349     -25173.48990594182     4990.904342318603      -3573.667413482086     -1031.465075580709     
28459.76063096134      398398.3062410235      -7486.906136466976     -25258.54247862333     5195.442100995072      -3547.693374171323     -1127.48533107693      
28459.7633500079       398616.8892055998      -7235.383825780007     -25345.45515048745     5402.137305376548      -3517.146068589465     -1225.845231874641     
28459.76617241498      398838.1905107768      -6970.701668588705     -25434.32944779689     5611.225986535414      -3481.857686495315     -1326.692624072356     
28459.76910076507      399062.0133392673      -6692.554493720283     -25525.08698558541     5822.514569635395      -3441.716101714333     -1429.973193261906     
28459.77214519324      399288.707943056       -6399.913090433702     -25617.87245682684     6036.325805947145      -3396.499390536334     -1535.888443703501     
28459.77530396643      399517.7088512976      -6092.882456561727     -25712.45705640632     6252.118670997004      -3346.155629734933     -1644.215705978731     
28459.77858209449      399748.9464281523      -5770.927914813386     -25808.81239382671     6469.820601958084      -3290.541646006333     -1754.961847715402     
28459.78198108685      399982.0885166688      -5433.86169901484      -25906.79967263529     6689.112426229501      -3229.577188800943     -1868.008182680174     
28459.78551384426      400217.5530129829      -5080.362981735714     -26006.59608931093     6910.380615399686      -3162.974497062944     -1983.603065166706     
28459.78918096225      400454.8872661323      -4710.331354474924     -26108.0127311476      7133.193237400335      -3090.666891790253     -2101.57473624145      
28459.79298828176      400693.9726335135      -4323.147692598472     -26211.00048193276     7357.43309800844       -3012.495268610669     -2221.914998051579     
28459.79694247137      400934.7096214405      -3918.108252635455     -26315.51870265766     7583.001382320202      -2928.283169899288     -2344.628612647775     
28459.80104661927      401176.7546533939      -3494.879290023739     -26421.42006588519     7809.571308679882      -2837.933797451109     -2469.597764545734     
28459.80531029473      401420.1192778994      -3052.462722118053     -26528.71179089037     8037.149353347454      -2741.211808858207     -2596.889935146888     
28459.8097407397       401664.6313474814      -2590.099201813491     -26637.32148688458     8265.57051042569       -2637.931643287735     -2726.483312103714     
28459.81434137585      401909.8793093398      -2107.434086648023     -26747.06924120394     8494.447222669754      -2528.002886860492     -2858.231205192036     
28459.81912124291      402155.7250109048      -1603.531146509118     -26857.89587841232     8723.648402825305      -2411.208806611772     -2992.1352338831       
28459.82408531603      402401.7804592091      -1077.887391167686     -26969.62921470187     8952.811112488485      -2287.436590127529     -3128.065483588008     
28459.82923972488      402647.6901450354      -529.8876859763259     -27082.1097530612      9181.604338376386      -2156.554864947348     -3265.911089848009     
28459.83459115962      402893.0937536618      41.1333105901449       -27195.17420675904     9409.694250976401      -2018.427408612013     -3405.561094772621     
28459.84015448903      403137.9494376066      636.7078494839225      -27308.80623009489     9637.04429409733       -1872.712255418891     -3547.093728222407     
28459.84592987774      403381.5146216845      1256.785802087779      -27422.66393168789     9862.968865867409      -1719.460430893761     -3690.189517698487     
28459.85192361246      403623.3022472981      1901.95596516285       -27536.520171736       10087.02230744903      -1558.579368333726     -3834.675055883467     
28459.85814869664      403863.0468046198      2573.518260803159      -27650.25103045368     10308.96635988469      -1389.807757885016     -3980.516052155149     
28459.8646145636       404100.2748904254      3272.376225892818      -27763.6340800569      10528.37228558326      -1212.991651273383     -4127.563476505184     
28459.87133116063      404334.4763487998      3999.473344573362      -27876.42785108072     10744.7799620898       -1027.978221215337     -4275.653795446513     
28459.87827560507      404564.0272108748      4752.175263839539      -27987.8467531113      10956.70422960484      -835.5438209680111     -4423.906420823172     
28459.88522004952      404781.2529399015      5505.572062653058      -28094.11470714171     11157.08693412284      -642.2161948949037     -4567.343820072434     
28459.89216449396      404986.5988072397      6259.428999143491      -28195.36074663758     11346.37324781396      -448.2397747567522     -4706.086060372956     
28459.89910893841      405180.4737866403      7013.535756055255      -28291.70505847152     11524.97203999529      -253.8338052019418     -4840.245181969998     
28459.90605338285      405363.2544124432      7767.702942203137      -28383.25962926271     11693.25973569424      -59.19589374124146     -4969.925768702212     
28459.91299782729      405535.2881210257      8521.759172155655      -28470.12884182848     11851.58365741292      135.4950163808648      -5095.225476834788     
28459.91994227174      405696.8961566171      9275.548611927614      -28552.41002285786     12000.26493124998      330.076141710828       -5216.235522508186     
28459.92688671618      405848.3761082246      10028.92890660378      -28630.19394384479     12139.60102405624      524.3987367451934      -5333.041129305268     
28459.93383116063      405990.0041326342      10781.76941789582      -28703.56527836739     12269.86796667263      718.3262865789696      -5445.72193810491      
28459.94077560507      406122.0369092597      11533.94972139962      -28772.60301855594     12391.32230892419      911.7329594862339      -5554.352381719109     
28459.94772004952      406244.7133647785      12285.35831402963      -28837.3808543281      12504.20284443615      1104.502275500708      -5659.002026922331     
28459.95466449396      406358.256199491       13035.89149865513      -28897.96751834681     12608.73213714496      1296.52595536102       -5759.735886463402     
28459.96160893841      406462.8732422411      13785.4524199033       -28954.4270994668      12705.11787630538      1487.702920752879      -5856.614703548995     
28459.96855338285      406558.7586564055      14533.95022025293      -29006.81932793382     12793.55408262097      1677.938422030971      -5949.695211143657     
28459.97549782729      406646.0940162711      15281.29930563077      -29055.19983428561     12874.22218468273      1867.143273738359      -6039.030368263061     
28459.98244227174      406725.0492700065      16027.41869691362      -29099.62038479789     12947.29198203674      2055.233181644888      -6124.6695752612       
28459.98938671618      406795.7836032402      16772.23145887521      -29140.12909524464     13012.92250882349      2242.128147710512      -6206.658869938299     
28459.99633116063      406858.446215148       17515.66419222951      -29176.77062509525     13071.26280993336      2427.751941609932      -6285.04110612582      
28460.00327560507      406913.1770173559      18257.64658199198      -29209.58635368048     13122.45263995333      2612.03162924404       -6359.856116247985     
28460.01022004952      406960.1072645055      18998.11099482229      -29238.6145398159      13166.62309376459      2794.897150147508      -6431.140859208549     
28460.01716449396      406999.3601241069      19736.992111137        -29263.89046679258     13203.8971764542       2976.28093694522       -6498.929554817674     
28460.02410893841      407031.0511924115      20474.22659927032      -29285.44657303614     13234.39031919867      3156.117570959194      -6563.253805845488     
28460.03105338285      407055.2889620138      21209.75281351363      -29303.31257047153     13258.21084689876      3334.34346897802       -6624.142708677405     
28460.03799782729      407072.1752462775      21943.51052250867      -29317.51555080127     13275.46040261938      3510.896596829225      -6681.622953440369     
28460.04494227174      407081.8055649737      22675.4406565631       -29328.08008111725     13286.23433324274      3685.716206026843      -6735.718914375057     
28460.05188671618      407084.2694950079      23405.48507563423      -29335.02828925331     13290.62204020552      3858.742590216546      -6786.452731144246     
28460.05883116063      407079.6509896348      24133.58635203947      -29338.37993978041     13288.70729871355      4029.916858568808      -6833.844381687449     
28460.06577560507      407068.0286691419      24859.68756805796      -29338.15250104226     13280.56854842399      4199.180723594924      -6877.911747162076     
28460.07272004952      407049.4760856247      25583.73212684267      -29334.36120370035     13266.27915822996      4366.476301151008      -6918.670669445894     
28460.07966449396      407024.061964223       26305.6635672188       -29327.01909178543     13245.90766746467      4531.745920655796      -6956.135001615483     
28460.08660893841      406991.8504228017      27025.42539361623      -29316.13706567693     13219.51800559271      4694.931943688697      -6990.316651760652     
28460.09355338285      406952.9011719727      27742.96090629419      -29301.72391831189     13187.16969219469      4855.976589372679      -7021.225620443969     
28460.10049782729      406907.2696969957      28458.21304108684      -29283.78636409478     13148.91801886523      5014.821765013567      -7048.870032066486     
28460.10744227174      406855.0074230414      29171.1242098337       -29262.32906127907     13104.81421444644      5171.408900628144      -7073.25616035691      
28460.11438671618      406796.1618650715      29881.63614312387      -29237.35462776881     13054.90559486296      5325.678786049552      -7094.388448158616     
28460.12133116063      406730.7767634038      30589.68973704604      -29208.86365023328     12999.23569868519      5477.57140936532       -7112.26952164933      
28460.12827560507      406658.8922060683      31295.22489530265      -29176.85468717065     12937.84440940549      5627.025795519131      -7126.900199088823     
28460.13522004952      406580.544738668       31998.18037623504      -29141.32426512871     12870.76806531934      5773.979843887344      -7138.279494152544     
28460.14216449396      406495.7674627493      32698.49363011034      -29102.26686909143     12798.03955777259      5918.370163722645      -7146.404613871679     
28460.14910893841      406404.5901231031      33396.10064054883      -29059.67492581281     12719.68841847891      6060.1319062765        -7151.270951163548     
28460.15605338285      406307.0391848424      34090.93575571186      -29013.53878099227     12635.74089649258      6199.198592473551      -7152.872071897388     
28460.16299782729      406203.1379006239      34782.93151674054      -28963.84666946174     12546.22002537607      6335.501934918478      -7151.199696404408     
28460.16994227174      406092.9063684809      35472.01848079915      -28910.5846782681      12451.14568101928      6468.971652995674      -7146.243675299374     
28460.17688671618      405976.3615808568      36158.12503025911      -28853.73670294016     12350.53463049852      6599.535279772988      -7137.991959441815     
28460.18383116063      405853.5174648518      36841.17717963603      -28793.28439559601     12244.40057233403      6727.117959284234      -7126.430563819938     
28460.19077560507      405724.3849143229      37521.09836530004      -28729.20710554993     12132.7541684164       6851.642232735119      -7111.543525095362     
28460.19772004952      405588.9718137313      38197.8092290636       -28661.48181096195     12015.60306786246      6973.027811984741      -7093.312852495947     
28460.20466449396      405447.2830543322      38871.2273804088       -28590.08304205573     11892.95192298014      7091.191338578404      -7071.71847169143      
28460.21160893841      405299.3205424839      39541.26714843359      -28514.98279426075     11764.80239752116      7206.046126365066      -7046.738161226754     
28460.21855338285      405145.0832004071      40207.83931424813      -28436.15043113208     11631.15316733705      7317.501885583942      -7018.347481024243     
28460.22549782729      404984.5669595599      40870.85082007994      -28353.55257634922     11491.9999135289       7425.464426051303      -6986.519692393804     
28460.23244227174      404817.7647463852      41530.20446114844      -28267.15299317228     11347.33530817247      7529.83533677743       -6951.225668911329     
28460.23938671618      404644.666460958       42185.79854418663      -28176.9124513573      11197.14899264155      7630.511639074709      -6912.433797437086     
28460.24633116063      404465.2589480068      42837.5265243168       -28082.78857912179     11041.42754858293      7727.385409771126      -6870.109868445736     
28460.25327560507      404279.5259608448      43485.27660307734      -27984.7356998765      10880.1544615379       7820.343370772566      -6824.216954727867     
28460.26022004952      404087.4481178074      44128.93129405946      -27882.70465130232     10713.31007724484      7909.266440643632      -6774.715277396669     
28460.26716449396      403889.0028515258      44768.36694390394      -27776.64258559939     10540.87155063367      7994.029243315796      -6721.562057988407     
28460.27410893841      403684.1643509751      45403.45320607324      -27666.49274864969     10362.81278756152      8074.499568297848      -6664.711355282673     
28460.28105338285      403472.9034962368      46034.05246399701      -27552.19423554164     10179.10437937497      8150.537775928416      -6604.113885279849     
28460.28799782729      403255.1877864696      46660.01918888129      -27433.68172043056     9989.713530425364      8221.996140247236      -6539.71682256049      
28460.29494227174      403030.9812608084      47281.19923444221      -27310.88515682968     9794.603978777943      8288.718120852296      -6471.4635810034       
28460.30188671618      402800.2444131828      47897.42904561378      -27183.72944596445     9593.735910434656      8350.537553773031      -6399.293571557438     
28460.30883116063      402562.9341009358      48508.53478281982      -27052.13406812894     9387.065867602436      8407.277749674975      -6323.141934432819     
28460.31577560507      402319.0034483433      49114.33134105481      -26916.01267308585     9174.546651728277      8458.750485770124      -6242.939242700751     
28460.32272004952      402068.4017460697      49714.62124873892      -26775.27262417892     8956.127222344187      8504.754875401613      -6158.611173850449     
28460.32966449396      401811.0743478799      50309.1934305053       -26629.81448983744     8731.752593178282      8545.076096383074      -6070.078145342524     
28460.33660893841      401546.9625667979      50897.82180891211      -26479.53147567275     8501.363727532134      8579.483955685517      -5977.254909604359     
28460.34355338285      401276.0035731851      51480.26372394231      -26324.30878855716     8264.897435674549      8607.731263781527      -5880.050103221794     
28460.35049782729      400998.130298939       52056.25813139691      -26164.0229238219      8022.286277968817      8629.55198675162       -5778.36574427372      
28460.35744227174      400713.2713522493      52625.52355335317      -25998.54086358122     7773.458478808991      8644.659137781809      -5672.096670815783     
28460.36438671618      400421.3509505774      53187.75572219499      -25827.71917439878     7518.3378581748        8652.742361741239      -5561.129912418826     
28460.37133116063      400122.2888803218      53742.62487607118      -25651.4029881129      7256.843790066916      8653.465156534385      -5445.343985387422     
28460.37827560507      399816.0004961466      54289.77263096923      -25469.42484887436     6988.891200293297      8646.461662478421      -5324.608100793817     
28460.38522004952      399502.3967768963      54828.80834709629      -25281.60340583486     6714.390620518638      8631.332935185803      -5198.781272736976     
28460.39216449396      399181.3844609379      55359.30488946145      -25087.74192737206     6433.248321546695      8607.642597394291      -5067.711312253296     
28460.39910893841      398852.8662925162      55880.79365139261      -24887.62660941623     6145.366557138917      8574.911739531171      -4931.233690051347     
28460.40605338285      398516.7414217422      56392.75868482616      -24681.02464549101     5850.643961271388      8532.61290565162       -4789.170248726897     
28460.41299782729      398172.9060179494      56894.62972587633      -24467.68202268337     5548.976157920916      8480.162958269639      -4641.327742389803     
28460.41978489188      397829.3109005126      57374.76700929246      -24252.39487157026     5247.331960294631      8418.472643182502      -4491.050375268408     
28460.42631675979      397491.4919083442      57826.5628668284       -24038.60777221747     4950.575773063841      8348.735273803388      -4340.82284795339      
28460.43258559804      397160.6049265878      58250.06284364151      -23827.08692661619     4659.733302311607      8271.616874093892      -4191.284957845101     
28460.43859813588      396837.0361503697      58646.3474972626       -23618.12692236336     4375.155897981344      8187.657265976929      -4042.74287451387      
28460.44436378789      396520.9836741303      59016.66065670837      -23411.90817529912     4097.030419688843      8097.346214429451      -3895.415773106889     
28460.44989327599      396212.5230938709      59362.30060911513      -23208.53487003192     3825.436484930442      8001.124449415792      -3749.461614855488     
28460.45519580431      395911.7647123844      59684.43774288311      -23008.13663406637     3560.484654598566      7899.426944415108      -3605.049986996006     
28460.46028119295      395618.7384408846      59984.24987870216      -22810.79236866522     3302.214993607768      7792.647702281582      -3462.307833424067     
28460.46516091354      395333.331737528       60262.9728983344       -22616.48535428116     3050.542112588592      7681.107398786168      -3321.286650464842     
28460.46983915203      395055.8184762561      60521.39771366472      -22425.46433110283     2805.721521940516      7565.265168834319      -3182.225163163831     
28460.47432485235      394786.1610027846      60760.56829295533      -22237.77020936873     2567.734203391758      7445.453512122091      -3045.206476182005     
28460.47862699669      394524.2813936258      60981.49668145741      -22053.41657041971     2336.525528845345      7321.970547031545      -2910.288491766991     
28460.48275121925      394270.2726608412      61184.99675383023      -21872.53960971812     2112.191731388287      7195.184915820124      -2777.614111550235     
28460.48670774206      394023.9147216837      61372.08351901309      -21695.05482500998     1894.552425673353      7065.2996412044        -2647.159834028296     
28460.49050229554      393785.2345945119      61543.52286327         -21521.05488757769     1683.645280945123      6932.628932121114      -2519.027639465301     
28460.49414337637      393554.0587562416      61700.18144801311      -21350.48828391335     1479.330581714788      6797.366705353202      -2393.209137747016     
28460.49763437245      393330.5128179166      61842.68203051991      -21183.52611774465     1281.732759900261      6659.873187350564      -2269.856049002033     
28460.49999999999      393178.0203821756      61934.70202723253      -21068.42534926973     1146.931640738967      6562.098016335642      -2184.712333818918     
